20
0
30
15
34
0
0
15
45
38
38
82
54
25
0
40
25
25
6
75
20
8
42
20
10
15
40
24
0
30
60
10
28
10
20
36
65
30
66
16
0
23
22
10
24
107
8
1
66
20
20
13
21
32
170
83
90
1
6
14
0
8
0
20
0
8
25
2
3
22
17
0
6
45
47
23
86
2
8
8
8
26
70
16
5
60
48
7
20
3
3
20
90
12
26
71
22
22
10
35
7
26
104
65
17
6
10
18
30
44
2
3
40
14
7
80
16
6
100
80
10
13
6
20
52
36
15
56
0
2
5
5
0
82
10
50
10
10
8
160
2
1
38
36
11
2
2
22
37
20
15
6
20
44
25
42
10
104
22
6
36
46
17
0
16
40
62
2
34
6
13
3
46
45
1
6
6
37
30
2
92
34
0
40
68
14
0
6
10
35
73
112
0
15
60
74
13
3
28
15
