0
14
100
75
0
6
10
6
14
6
20
12
3
40
66
80
6
8
10
20
3
7
6
0
68
17
102
6
2
82
164
15
76
2
8
100
66
37
20
22
2
8
37
0
12
32
21
8
8
16
16
23
0
13
62
8
133
10
0
28
2
86
25
18
12
26
0
5
5
4
20
21
20
8
5
10
20
6
102
0
0
2
7
7
0
0
0
8
0
8
17
12
10
2
10
7
21
34
18
58
6
20
0
15
17
62
60
8
20
0
40
100
150
65
55
0
0
16
16
133
2
2
0
12
0
36
18
2
2
2
20
32
12
24
0
5
10
164
0
6
81
0
82
25
28
8
7
20
2
61
56
108
0
10
54
81
3
22
54
0
0
2
8
0
40
3
15
2
6
8
14
0
0
112
0
0
58
0
5
21
158
64
11
2
5
0
5
118
10
74
30
0
2
18
18
71
2
30
20
2
